Beta	Final Infections
0.0000	0.0
0.0008	0.0
0.0016	0.0
0.0024	116.0
0.0032	243.0
0.0040	374.0
0.0048	748.0
0.0056	944.0
0.0064	1022.0
0.0072	1366.0
0.0080	1579.0
0.0088	1582.0
0.0096	1835.0
0.0104	1928.0
0.0112	2095.0
0.0120	2243.0
0.0128	2456.0
0.0136	2358.0
0.0144	2621.0
0.0152	2710.0
0.0160	2866.0
0.0168	2961.0
0.0176	3055.0
0.0184	3114.0
0.0192	3338.0
0.0200	3287.0
0.0208	3496.0
0.0216	3443.0
0.0224	3546.0
0.0232	3678.0
0.0240	3704.0
0.0248	3801.0
0.0257	3760.0
0.0265	3776.0
0.0273	3891.0
0.0281	3934.0
0.0289	4107.0
0.0297	3995.0
0.0305	4139.0
0.0313	4180.0
0.0321	4272.0
0.0329	4346.0
0.0337	4286.0
0.0345	4271.0
0.0353	4455.0
0.0361	4567.0
0.0369	4445.0
0.0377	4684.0
0.0385	4670.0
0.0393	4822.0
0.0401	4681.0
0.0409	4628.0
0.0417	4723.0
0.0425	4920.0
0.0433	4859.0
0.0441	5018.0
0.0449	4953.0
0.0457	5015.0
0.0465	5017.0
0.0473	5064.0
0.0481	5009.0
0.0489	4992.0
0.0497	5018.0
0.0505	5146.0
0.0513	5178.0
0.0521	5151.0
0.0529	5268.0
0.0537	5276.0
0.0545	5140.0
0.0553	5400.0
0.0561	5336.0
0.0569	5306.0
0.0577	5356.0
0.0585	5260.0
0.0593	5457.0
0.0601	5489.0
0.0609	5419.0
0.0617	5524.0
0.0625	5571.0
0.0633	5494.0
0.0641	5495.0
0.0649	5598.0
0.0657	5581.0
0.0665	5616.0
0.0673	5634.0
0.0681	5612.0
0.0689	5678.0
0.0697	5705.0
0.0705	5715.0
0.0713	5527.0
0.0721	5685.0
0.0729	5870.0
0.0737	5729.0
0.0745	5866.0
0.0754	5771.0
0.0762	5869.0
0.0770	5815.0
0.0778	5828.0
0.0786	5807.0
0.0794	5931.0
0.0802	5941.0
0.0810	5845.0
0.0818	5939.0
0.0826	5952.0
0.0834	5980.0
0.0842	5984.0
0.0850	6082.0
0.0858	6075.0
0.0866	6072.0
0.0874	6002.0
0.0882	6096.0
0.0890	5969.0
0.0898	6013.0
0.0906	6081.0
0.0914	6151.0
0.0922	6085.0
0.0930	6086.0
0.0938	6108.0
0.0946	6135.0
0.0954	6157.0
0.0962	6123.0
0.0970	6142.0
0.0978	6231.0
0.0986	6230.0
0.0994	6304.0
0.1002	6258.0
0.1010	6216.0
0.1018	6304.0
0.1026	6284.0
0.1034	6300.0
0.1042	6354.0
0.1050	6411.0
0.1058	6319.0
0.1066	6287.0
0.1074	6394.0
0.1082	6368.0
0.1090	6395.0
0.1098	6378.0
0.1106	6329.0
0.1114	6356.0
0.1122	6410.0
0.1130	6387.0
0.1138	6349.0
0.1146	6418.0
0.1154	6525.0
0.1162	6465.0
0.1170	6397.0
0.1178	6508.0
0.1186	6579.0
0.1194	6380.0
0.1202	6538.0
0.1210	6528.0
0.1218	6437.0
0.1226	6540.0
0.1234	6565.0
0.1242	6553.0
0.1251	6484.0
0.1259	6545.0
0.1267	6609.0
0.1275	6566.0
0.1283	6558.0
0.1291	6558.0
0.1299	6640.0
0.1307	6589.0
0.1315	6606.0
0.1323	6723.0
0.1331	6697.0
0.1339	6694.0
0.1347	6676.0
0.1355	6621.0
0.1363	6672.0
0.1371	6612.0
0.1379	6729.0
0.1387	6744.0
0.1395	6709.0
0.1403	6756.0
0.1411	6779.0
0.1419	6584.0
0.1427	6740.0
0.1435	6735.0
0.1443	6810.0
0.1451	6813.0
0.1459	6711.0
0.1467	6840.0
0.1475	6798.0
0.1483	6760.0
0.1491	6742.0
0.1499	6755.0
0.1507	6788.0
0.1515	6853.0
0.1523	6820.0
0.1531	6847.0
0.1539	6773.0
0.1547	6864.0
0.1555	6802.0
0.1563	6886.0
0.1571	6696.0
0.1579	6821.0
0.1587	6784.0
0.1595	6862.0
0.1603	6796.0
0.1611	6916.0
0.1619	6856.0
0.1627	6830.0
0.1635	6854.0
0.1643	6879.0
0.1651	6890.0
0.1659	7023.0
0.1667	7044.0
0.1675	6839.0
0.1683	6975.0
0.1691	6939.0
0.1699	6926.0
0.1707	6949.0
0.1715	6937.0
0.1723	7027.0
0.1731	6979.0
0.1739	7012.0
0.1747	6943.0
0.1756	6953.0
0.1764	7013.0
0.1772	7055.0
0.1780	6985.0
0.1788	6996.0
0.1796	6930.0
0.1804	7091.0
0.1812	7084.0
0.1820	7093.0
0.1828	7017.0
0.1836	7022.0
0.1844	6997.0
0.1852	6927.0
0.1860	7093.0
0.1868	7106.0
0.1876	7025.0
0.1884	7024.0
0.1892	7076.0
0.1900	7177.0
0.1908	7086.0
0.1916	7039.0
0.1924	7107.0
0.1932	7172.0
0.1940	7105.0
0.1948	7065.0
0.1956	7075.0
0.1964	7114.0
0.1972	7178.0
0.1980	7117.0
0.1988	7148.0
0.1996	7206.0
0.2004	7217.0
0.2012	7179.0
0.2020	7182.0
0.2028	7131.0
0.2036	7069.0
0.2044	7083.0
0.2052	7189.0
0.2060	7201.0
0.2068	7223.0
0.2076	7156.0
0.2084	7283.0
0.2092	7187.0
0.2100	7234.0
0.2108	7108.0
0.2116	7206.0
0.2124	7253.0
0.2132	7314.0
0.2140	7222.0
0.2148	7269.0
0.2156	7235.0
0.2164	7275.0
0.2172	7199.0
0.2180	7213.0
0.2188	7216.0
0.2196	7212.0
0.2204	7195.0
0.2212	7186.0
0.2220	7286.0
0.2228	7230.0
0.2236	7355.0
0.2244	7265.0
0.2253	7385.0
0.2261	7336.0
0.2269	7302.0
0.2277	7289.0
0.2285	7342.0
0.2293	7272.0
0.2301	7332.0
0.2309	7282.0
0.2317	7299.0
0.2325	7355.0
0.2333	7288.0
0.2341	7255.0
0.2349	7320.0
0.2357	7309.0
0.2365	7314.0
0.2373	7281.0
0.2381	7384.0
0.2389	7273.0
0.2397	7330.0
0.2405	7280.0
0.2413	7283.0
0.2421	7299.0
0.2429	7359.0
0.2437	7264.0
0.2445	7346.0
0.2453	7301.0
0.2461	7472.0
0.2469	7413.0
0.2477	7382.0
0.2485	7403.0
0.2493	7338.0
0.2501	7283.0
0.2509	7357.0
0.2517	7389.0
0.2525	7353.0
0.2533	7468.0
0.2541	7364.0
0.2549	7335.0
0.2557	7337.0
0.2565	7401.0
0.2573	7365.0
0.2581	7478.0
0.2589	7402.0
0.2597	7336.0
0.2605	7438.0
0.2613	7493.0
0.2621	7413.0
0.2629	7418.0
0.2637	7453.0
0.2645	7390.0
0.2653	7464.0
0.2661	7357.0
0.2669	7439.0
0.2677	7448.0
0.2685	7399.0
0.2693	7405.0
0.2701	7464.0
0.2709	7492.0
0.2717	7471.0
0.2725	7409.0
0.2733	7491.0
0.2741	7359.0
0.2749	7438.0
0.2758	7409.0
0.2766	7439.0
0.2774	7432.0
0.2782	7528.0
0.2790	7479.0
0.2798	7412.0
0.2806	7486.0
0.2814	7425.0
0.2822	7518.0
0.2830	7452.0
0.2838	7467.0
0.2846	7529.0
0.2854	7538.0
0.2862	7453.0
0.2870	7481.0
0.2878	7525.0
0.2886	7576.0
0.2894	7454.0
0.2902	7423.0
0.2910	7558.0
0.2918	7646.0
0.2926	7492.0
0.2934	7482.0
0.2942	7546.0
0.2950	7534.0
0.2958	7557.0
0.2966	7545.0
0.2974	7532.0
0.2982	7499.0
0.2990	7529.0
0.2998	7527.0
0.3006	7545.0
0.3014	7498.0
0.3022	7491.0
0.3030	7499.0
0.3038	7485.0
0.3046	7487.0
0.3054	7578.0
0.3062	7492.0
0.3070	7648.0
0.3078	7631.0
0.3086	7575.0
0.3094	7604.0
0.3102	7547.0
0.3110	7546.0
0.3118	7618.0
0.3126	7599.0
0.3134	7583.0
0.3142	7577.0
0.3150	7527.0
0.3158	7543.0
0.3166	7666.0
0.3174	7638.0
0.3182	7625.0
0.3190	7526.0
0.3198	7603.0
0.3206	7526.0
0.3214	7507.0
0.3222	7603.0
0.3230	7517.0
0.3238	7674.0
0.3246	7582.0
0.3255	7616.0
0.3263	7615.0
0.3271	7592.0
0.3279	7528.0
0.3287	7639.0
0.3295	7654.0
0.3303	7622.0
0.3311	7655.0
0.3319	7681.0
0.3327	7637.0
0.3335	7646.0
0.3343	7569.0
0.3351	7613.0
0.3359	7697.0
0.3367	7611.0
0.3375	7647.0
0.3383	7525.0
0.3391	7636.0
0.3399	7657.0
0.3407	7694.0
0.3415	7641.0
0.3423	7630.0
0.3431	7596.0
0.3439	7612.0
0.3447	7699.0
0.3455	7742.0
0.3463	7716.0
0.3471	7715.0
0.3479	7629.0
0.3487	7650.0
0.3495	7627.0
0.3503	7658.0
0.3511	7690.0
0.3519	7630.0
0.3527	7686.0
0.3535	7689.0
0.3543	7724.0
0.3551	7763.0
0.3559	7668.0
0.3567	7720.0
0.3575	7744.0
0.3583	7642.0
0.3591	7724.0
0.3599	7680.0
0.3607	7659.0
0.3615	7758.0
0.3623	7670.0
0.3631	7646.0
0.3639	7676.0
0.3647	7699.0
0.3655	7678.0
0.3663	7698.0
0.3671	7620.0
0.3679	7743.0
0.3687	7659.0
0.3695	7784.0
0.3703	7724.0
0.3711	7739.0
0.3719	7765.0
0.3727	7766.0
0.3735	7711.0
0.3743	7721.0
0.3752	7766.0
0.3760	7710.0
0.3768	7780.0
0.3776	7724.0
0.3784	7642.0
0.3792	7715.0
0.3800	7725.0
0.3808	7729.0
0.3816	7713.0
0.3824	7784.0
0.3832	7683.0
0.3840	7775.0
0.3848	7671.0
0.3856	7667.0
0.3864	7711.0
0.3872	7789.0
0.3880	7834.0
0.3888	7733.0
0.3896	7737.0
0.3904	7726.0
0.3912	7660.0
0.3920	7687.0
0.3928	7723.0
0.3936	7743.0
0.3944	7789.0
0.3952	7769.0
0.3960	7741.0
0.3968	7729.0
0.3976	7857.0
0.3984	7767.0
0.3992	7773.0
0.4000	7735.0
