Beta	Final Infections
0.0000	0.0
0.0008	0.0
0.0016	0.0
0.0024	0.0
0.0032	0.0
0.0040	0.0
0.0048	0.0
0.0056	0.0
0.0064	0.0
0.0072	0.0
0.0080	0.0
0.0088	0.0
0.0096	0.0
0.0104	0.0
0.0112	0.0
0.0120	0.0
0.0128	0.0
0.0136	0.0
0.0144	0.0
0.0152	0.0
0.0160	0.0
0.0168	0.0
0.0176	0.0
0.0184	0.0
0.0192	0.0
0.0200	0.0
0.0208	0.0
0.0216	0.0
0.0224	0.0
0.0232	0.0
0.0240	0.0
0.0248	0.0
0.0257	0.0
0.0265	0.0
0.0273	0.0
0.0281	0.0
0.0289	0.0
0.0297	0.0
0.0305	0.0
0.0313	0.0
0.0321	0.0
0.0329	0.0
0.0337	0.0
0.0345	0.0
0.0353	0.0
0.0361	0.0
0.0369	0.0
0.0377	0.0
0.0385	0.0
0.0393	0.0
0.0401	0.0
0.0409	0.0
0.0417	0.0
0.0425	0.0
0.0433	0.0
0.0441	0.0
0.0449	0.0
0.0457	0.0
0.0465	0.0
0.0473	0.0
0.0481	0.0
0.0489	0.0
0.0497	0.0
0.0505	0.0
0.0513	0.0
0.0521	0.0
0.0529	0.0
0.0537	0.0
0.0545	0.0
0.0553	0.0
0.0561	0.0
0.0569	0.0
0.0577	0.0
0.0585	0.0
0.0593	0.0
0.0601	0.0
0.0609	0.0
0.0617	0.0
0.0625	0.0
0.0633	0.0
0.0641	0.0
0.0649	0.0
0.0657	0.0
0.0665	0.0
0.0673	0.0
0.0681	0.0
0.0689	0.0
0.0697	0.0
0.0705	0.0
0.0713	0.0
0.0721	0.0
0.0729	0.0
0.0737	0.0
0.0745	0.0
0.0754	0.0
0.0762	0.0
0.0770	0.0
0.0778	0.0
0.0786	0.0
0.0794	0.0
0.0802	0.0
0.0810	0.0
0.0818	0.0
0.0826	0.0
0.0834	0.0
0.0842	0.0
0.0850	0.0
0.0858	0.0
0.0866	0.0
0.0874	0.0
0.0882	0.0
0.0890	0.0
0.0898	0.0
0.0906	0.0
0.0914	0.0
0.0922	0.0
0.0930	0.0
0.0938	0.0
0.0946	0.0
0.0954	0.0
0.0962	0.0
0.0970	0.0
0.0978	0.0
0.0986	0.0
0.0994	0.0
0.1002	0.0
0.1010	0.0
0.1018	0.0
0.1026	8.0
0.1034	22.0
0.1042	4.0
0.1050	0.0
0.1058	21.0
0.1066	0.0
0.1074	7.0
0.1082	70.0
0.1090	44.0
0.1098	98.0
0.1106	64.0
0.1114	23.0
0.1122	88.0
0.1130	102.0
0.1138	67.0
0.1146	121.0
0.1154	114.0
0.1162	114.0
0.1170	124.0
0.1178	155.0
0.1186	178.0
0.1194	161.0
0.1202	226.0
0.1210	220.0
0.1218	172.0
0.1226	207.0
0.1234	237.0
0.1242	191.0
0.1251	267.0
0.1259	250.0
0.1267	236.0
0.1275	290.0
0.1283	232.0
0.1291	252.0
0.1299	241.0
0.1307	330.0
0.1315	315.0
0.1323	274.0
0.1331	303.0
0.1339	310.0
0.1347	297.0
0.1355	333.0
0.1363	288.0
0.1371	223.0
0.1379	354.0
0.1387	321.0
0.1395	281.0
0.1403	360.0
0.1411	410.0
0.1419	330.0
0.1427	371.0
0.1435	347.0
0.1443	395.0
0.1451	381.0
0.1459	374.0
0.1467	430.0
0.1475	364.0
0.1483	376.0
0.1491	374.0
0.1499	429.0
0.1507	427.0
0.1515	420.0
0.1523	429.0
0.1531	496.0
0.1539	402.0
0.1547	442.0
0.1555	405.0
0.1563	400.0
0.1571	434.0
0.1579	476.0
0.1587	450.0
0.1595	411.0
0.1603	415.0
0.1611	415.0
0.1619	480.0
0.1627	419.0
0.1635	469.0
0.1643	457.0
0.1651	436.0
0.1659	450.0
0.1667	455.0
0.1675	484.0
0.1683	486.0
0.1691	466.0
0.1699	474.0
0.1707	463.0
0.1715	507.0
0.1723	494.0
0.1731	484.0
0.1739	480.0
0.1747	512.0
0.1756	482.0
0.1764	490.0
0.1772	451.0
0.1780	491.0
0.1788	494.0
0.1796	536.0
0.1804	520.0
0.1812	508.0
0.1820	523.0
0.1828	471.0
0.1836	526.0
0.1844	548.0
0.1852	540.0
0.1860	520.0
0.1868	533.0
0.1876	517.0
0.1884	547.0
0.1892	536.0
0.1900	536.0
0.1908	581.0
0.1916	516.0
0.1924	565.0
0.1932	552.0
0.1940	513.0
0.1948	538.0
0.1956	557.0
0.1964	546.0
0.1972	519.0
0.1980	535.0
0.1988	551.0
0.1996	588.0
0.2004	569.0
0.2012	568.0
0.2020	582.0
0.2028	557.0
0.2036	579.0
0.2044	570.0
0.2052	601.0
0.2060	580.0
0.2068	555.0
0.2076	619.0
0.2084	585.0
0.2092	585.0
0.2100	558.0
0.2108	560.0
0.2116	577.0
0.2124	603.0
0.2132	568.0
0.2140	573.0
0.2148	594.0
0.2156	573.0
0.2164	569.0
0.2172	590.0
0.2180	607.0
0.2188	604.0
0.2196	607.0
0.2204	597.0
0.2212	590.0
0.2220	606.0
0.2228	627.0
0.2236	632.0
0.2244	582.0
0.2253	600.0
0.2261	617.0
0.2269	604.0
0.2277	604.0
0.2285	613.0
0.2293	615.0
0.2301	631.0
0.2309	626.0
0.2317	624.0
0.2325	634.0
0.2333	615.0
0.2341	642.0
0.2349	639.0
0.2357	633.0
0.2365	658.0
0.2373	615.0
0.2381	621.0
0.2389	603.0
0.2397	614.0
0.2405	655.0
0.2413	626.0
0.2421	638.0
0.2429	670.0
0.2437	634.0
0.2445	620.0
0.2453	633.0
0.2461	622.0
0.2469	624.0
0.2477	623.0
0.2485	617.0
0.2493	655.0
0.2501	676.0
0.2509	645.0
0.2517	646.0
0.2525	639.0
0.2533	634.0
0.2541	671.0
0.2549	657.0
0.2557	633.0
0.2565	635.0
0.2573	683.0
0.2581	663.0
0.2589	681.0
0.2597	652.0
0.2605	640.0
0.2613	654.0
0.2621	647.0
0.2629	653.0
0.2637	665.0
0.2645	675.0
0.2653	661.0
0.2661	666.0
0.2669	675.0
0.2677	679.0
0.2685	665.0
0.2693	655.0
0.2701	661.0
0.2709	667.0
0.2717	648.0
0.2725	641.0
0.2733	682.0
0.2741	671.0
0.2749	697.0
0.2758	678.0
0.2766	678.0
0.2774	663.0
0.2782	639.0
0.2790	683.0
0.2798	686.0
0.2806	666.0
0.2814	663.0
0.2822	673.0
0.2830	698.0
0.2838	695.0
0.2846	682.0
0.2854	720.0
0.2862	684.0
0.2870	715.0
0.2878	696.0
0.2886	698.0
0.2894	695.0
0.2902	704.0
0.2910	678.0
0.2918	730.0
0.2926	683.0
0.2934	711.0
0.2942	677.0
0.2950	690.0
0.2958	713.0
0.2966	683.0
0.2974	706.0
0.2982	701.0
0.2990	707.0
0.2998	717.0
0.3006	718.0
0.3014	720.0
0.3022	700.0
0.3030	717.0
0.3038	713.0
0.3046	711.0
0.3054	690.0
0.3062	702.0
0.3070	707.0
0.3078	705.0
0.3086	716.0
0.3094	718.0
0.3102	736.0
0.3110	727.0
0.3118	709.0
0.3126	721.0
0.3134	698.0
0.3142	736.0
0.3150	712.0
0.3158	708.0
0.3166	697.0
0.3174	740.0
0.3182	746.0
0.3190	722.0
0.3198	711.0
0.3206	714.0
0.3214	732.0
0.3222	697.0
0.3230	691.0
0.3238	696.0
0.3246	736.0
0.3255	757.0
0.3263	734.0
0.3271	743.0
0.3279	726.0
0.3287	715.0
0.3295	699.0
0.3303	723.0
0.3311	749.0
0.3319	691.0
0.3327	714.0
0.3335	706.0
0.3343	711.0
0.3351	723.0
0.3359	752.0
0.3367	737.0
0.3375	740.0
0.3383	742.0
0.3391	752.0
0.3399	736.0
0.3407	740.0
0.3415	733.0
0.3423	731.0
0.3431	715.0
0.3439	756.0
0.3447	740.0
0.3455	746.0
0.3463	742.0
0.3471	725.0
0.3479	743.0
0.3487	742.0
0.3495	730.0
0.3503	745.0
0.3511	736.0
0.3519	751.0
0.3527	718.0
0.3535	750.0
0.3543	756.0
0.3551	748.0
0.3559	747.0
0.3567	734.0
0.3575	703.0
0.3583	733.0
0.3591	719.0
0.3599	755.0
0.3607	743.0
0.3615	714.0
0.3623	710.0
0.3631	767.0
0.3639	736.0
0.3647	727.0
0.3655	707.0
0.3663	734.0
0.3671	718.0
0.3679	754.0
0.3687	756.0
0.3695	729.0
0.3703	725.0
0.3711	758.0
0.3719	769.0
0.3727	759.0
0.3735	735.0
0.3743	764.0
0.3752	762.0
0.3760	748.0
0.3768	740.0
0.3776	741.0
0.3784	757.0
0.3792	736.0
0.3800	749.0
0.3808	729.0
0.3816	739.0
0.3824	752.0
0.3832	745.0
0.3840	761.0
0.3848	767.0
0.3856	754.0
0.3864	754.0
0.3872	760.0
0.3880	748.0
0.3888	754.0
0.3896	762.0
0.3904	753.0
0.3912	761.0
0.3920	768.0
0.3928	755.0
0.3936	761.0
0.3944	742.0
0.3952	753.0
0.3960	775.0
0.3968	740.0
0.3976	758.0
0.3984	742.0
0.3992	757.0
0.4000	738.0
