Beta	Final Infections
0.0000	0.0
0.0008	0.0
0.0016	0.0
0.0024	0.0
0.0032	0.0
0.0040	0.0
0.0048	0.0
0.0056	0.0
0.0064	0.0
0.0072	0.0
0.0080	0.0
0.0088	0.0
0.0096	0.0
0.0104	0.0
0.0112	0.0
0.0120	0.0
0.0128	0.0
0.0136	0.0
0.0144	0.0
0.0152	0.0
0.0160	0.0
0.0168	0.0
0.0176	0.0
0.0184	0.0
0.0192	0.0
0.0200	0.0
0.0208	0.0
0.0216	0.0
0.0224	0.0
0.0232	0.0
0.0240	0.0
0.0248	0.0
0.0257	0.0
0.0265	0.0
0.0273	0.0
0.0281	0.0
0.0289	0.0
0.0297	0.0
0.0305	0.0
0.0313	0.0
0.0321	0.0
0.0329	0.0
0.0337	0.0
0.0345	0.0
0.0353	0.0
0.0361	0.0
0.0369	0.0
0.0377	0.0
0.0385	0.0
0.0393	0.0
0.0401	0.0
0.0409	0.0
0.0417	0.0
0.0425	0.0
0.0433	0.0
0.0441	0.0
0.0449	0.0
0.0457	0.0
0.0465	0.0
0.0473	0.0
0.0481	0.0
0.0489	0.0
0.0497	0.0
0.0505	0.0
0.0513	0.0
0.0521	0.0
0.0529	0.0
0.0537	0.0
0.0545	0.0
0.0553	0.0
0.0561	0.0
0.0569	0.0
0.0577	0.0
0.0585	0.0
0.0593	0.0
0.0601	0.0
0.0609	0.0
0.0617	0.0
0.0625	0.0
0.0633	0.0
0.0641	0.0
0.0649	0.0
0.0657	0.0
0.0665	0.0
0.0673	0.0
0.0681	0.0
0.0689	0.0
0.0697	0.0
0.0705	0.0
0.0713	0.0
0.0721	0.0
0.0729	0.0
0.0737	0.0
0.0745	0.0
0.0754	0.0
0.0762	0.0
0.0770	0.0
0.0778	0.0
0.0786	0.0
0.0794	0.0
0.0802	0.0
0.0810	0.0
0.0818	0.0
0.0826	0.0
0.0834	0.0
0.0842	0.0
0.0850	0.0
0.0858	0.0
0.0866	0.0
0.0874	0.0
0.0882	0.0
0.0890	0.0
0.0898	0.0
0.0906	0.0
0.0914	0.0
0.0922	0.0
0.0930	0.0
0.0938	0.0
0.0946	0.0
0.0954	0.0
0.0962	0.0
0.0970	0.0
0.0978	0.0
0.0986	12.0
0.0994	0.0
0.1002	0.0
0.1010	19.0
0.1018	0.0
0.1026	0.0
0.1034	39.0
0.1042	28.0
0.1050	13.0
0.1058	56.0
0.1066	57.0
0.1074	57.0
0.1082	195.0
0.1090	183.0
0.1098	124.0
0.1106	219.0
0.1114	269.0
0.1122	196.0
0.1130	351.0
0.1138	332.0
0.1146	376.0
0.1154	318.0
0.1162	388.0
0.1170	458.0
0.1178	436.0
0.1186	470.0
0.1194	499.0
0.1202	503.0
0.1210	593.0
0.1218	452.0
0.1226	545.0
0.1234	626.0
0.1242	622.0
0.1251	633.0
0.1259	736.0
0.1267	716.0
0.1275	737.0
0.1283	720.0
0.1291	817.0
0.1299	805.0
0.1307	817.0
0.1315	819.0
0.1323	829.0
0.1331	986.0
0.1339	837.0
0.1347	973.0
0.1355	906.0
0.1363	938.0
0.1371	995.0
0.1379	959.0
0.1387	973.0
0.1395	1097.0
0.1403	1013.0
0.1411	1025.0
0.1419	980.0
0.1427	1048.0
0.1435	1104.0
0.1443	1130.0
0.1451	1127.0
0.1459	1124.0
0.1467	1083.0
0.1475	1227.0
0.1483	1183.0
0.1491	1143.0
0.1499	1150.0
0.1507	1170.0
0.1515	1145.0
0.1523	1241.0
0.1531	1244.0
0.1539	1232.0
0.1547	1231.0
0.1555	1307.0
0.1563	1346.0
0.1571	1274.0
0.1579	1323.0
0.1587	1242.0
0.1595	1265.0
0.1603	1339.0
0.1611	1304.0
0.1619	1292.0
0.1627	1388.0
0.1635	1392.0
0.1643	1387.0
0.1651	1383.0
0.1659	1400.0
0.1667	1395.0
0.1675	1355.0
0.1683	1371.0
0.1691	1498.0
0.1699	1395.0
0.1707	1420.0
0.1715	1465.0
0.1723	1465.0
0.1731	1456.0
0.1739	1528.0
0.1747	1466.0
0.1756	1502.0
0.1764	1504.0
0.1772	1522.0
0.1780	1500.0
0.1788	1539.0
0.1796	1498.0
0.1804	1600.0
0.1812	1557.0
0.1820	1579.0
0.1828	1533.0
0.1836	1616.0
0.1844	1525.0
0.1852	1579.0
0.1860	1563.0
0.1868	1561.0
0.1876	1599.0
0.1884	1607.0
0.1892	1587.0
0.1900	1573.0
0.1908	1619.0
0.1916	1662.0
0.1924	1610.0
0.1932	1623.0
0.1940	1651.0
0.1948	1649.0
0.1956	1633.0
0.1964	1694.0
0.1972	1705.0
0.1980	1738.0
0.1988	1714.0
0.1996	1674.0
0.2004	1665.0
0.2012	1682.0
0.2020	1671.0
0.2028	1710.0
0.2036	1760.0
0.2044	1741.0
0.2052	1723.0
0.2060	1732.0
0.2068	1738.0
0.2076	1786.0
0.2084	1707.0
0.2092	1801.0
0.2100	1728.0
0.2108	1801.0
0.2116	1803.0
0.2124	1762.0
0.2132	1805.0
0.2140	1770.0
0.2148	1810.0
0.2156	1760.0
0.2164	1814.0
0.2172	1754.0
0.2180	1833.0
0.2188	1775.0
0.2196	1823.0
0.2204	1845.0
0.2212	1796.0
0.2220	1833.0
0.2228	1835.0
0.2236	1801.0
0.2244	1839.0
0.2253	1856.0
0.2261	1847.0
0.2269	1862.0
0.2277	1921.0
0.2285	1921.0
0.2293	1877.0
0.2301	1871.0
0.2309	1919.0
0.2317	1911.0
0.2325	1920.0
0.2333	1918.0
0.2341	1924.0
0.2349	1899.0
0.2357	1911.0
0.2365	1878.0
0.2373	1917.0
0.2381	1859.0
0.2389	1898.0
0.2397	1910.0
0.2405	1962.0
0.2413	1936.0
0.2421	1935.0
0.2429	1928.0
0.2437	1973.0
0.2445	1930.0
0.2453	1979.0
0.2461	1958.0
0.2469	1946.0
0.2477	1925.0
0.2485	1951.0
0.2493	1894.0
0.2501	1948.0
0.2509	1918.0
0.2517	1989.0
0.2525	2006.0
0.2533	1974.0
0.2541	1968.0
0.2549	1969.0
0.2557	1984.0
0.2565	1949.0
0.2573	1969.0
0.2581	1966.0
0.2589	1998.0
0.2597	2024.0
0.2605	2016.0
0.2613	1994.0
0.2621	1975.0
0.2629	1998.0
0.2637	1989.0
0.2645	2005.0
0.2653	2041.0
0.2661	2055.0
0.2669	1929.0
0.2677	1992.0
0.2685	2040.0
0.2693	2082.0
0.2701	2049.0
0.2709	1954.0
0.2717	2050.0
0.2725	2010.0
0.2733	2025.0
0.2741	1966.0
0.2749	2081.0
0.2758	2050.0
0.2766	2094.0
0.2774	2036.0
0.2782	2054.0
0.2790	2074.0
0.2798	2095.0
0.2806	2082.0
0.2814	2078.0
0.2822	2065.0
0.2830	1994.0
0.2838	2036.0
0.2846	2086.0
0.2854	2095.0
0.2862	2042.0
0.2870	2097.0
0.2878	2086.0
0.2886	2061.0
0.2894	2059.0
0.2902	2089.0
0.2910	2071.0
0.2918	2143.0
0.2926	2114.0
0.2934	2120.0
0.2942	2076.0
0.2950	2090.0
0.2958	2109.0
0.2966	2093.0
0.2974	2100.0
0.2982	2093.0
0.2990	2087.0
0.2998	2094.0
0.3006	2072.0
0.3014	2063.0
0.3022	2155.0
0.3030	2092.0
0.3038	2135.0
0.3046	2097.0
0.3054	2091.0
0.3062	2097.0
0.3070	2087.0
0.3078	2123.0
0.3086	2152.0
0.3094	2156.0
0.3102	2133.0
0.3110	2138.0
0.3118	2151.0
0.3126	2131.0
0.3134	2100.0
0.3142	2156.0
0.3150	2124.0
0.3158	2171.0
0.3166	2169.0
0.3174	2135.0
0.3182	2161.0
0.3190	2186.0
0.3198	2186.0
0.3206	2144.0
0.3214	2164.0
0.3222	2103.0
0.3230	2170.0
0.3238	2131.0
0.3246	2110.0
0.3255	2155.0
0.3263	2121.0
0.3271	2180.0
0.3279	2178.0
0.3287	2112.0
0.3295	2159.0
0.3303	2142.0
0.3311	2149.0
0.3319	2182.0
0.3327	2148.0
0.3335	2184.0
0.3343	2127.0
0.3351	2180.0
0.3359	2158.0
0.3367	2157.0
0.3375	2167.0
0.3383	2224.0
0.3391	2185.0
0.3399	2170.0
0.3407	2182.0
0.3415	2220.0
0.3423	2214.0
0.3431	2173.0
0.3439	2148.0
0.3447	2193.0
0.3455	2205.0
0.3463	2207.0
0.3471	2209.0
0.3479	2174.0
0.3487	2201.0
0.3495	2166.0
0.3503	2193.0
0.3511	2230.0
0.3519	2228.0
0.3527	2273.0
0.3535	2194.0
0.3543	2207.0
0.3551	2192.0
0.3559	2240.0
0.3567	2186.0
0.3575	2237.0
0.3583	2240.0
0.3591	2239.0
0.3599	2293.0
0.3607	2239.0
0.3615	2215.0
0.3623	2233.0
0.3631	2282.0
0.3639	2222.0
0.3647	2236.0
0.3655	2214.0
0.3663	2214.0
0.3671	2242.0
0.3679	2257.0
0.3687	2226.0
0.3695	2210.0
0.3703	2224.0
0.3711	2239.0
0.3719	2249.0
0.3727	2264.0
0.3735	2227.0
0.3743	2257.0
0.3752	2194.0
0.3760	2231.0
0.3768	2241.0
0.3776	2190.0
0.3784	2258.0
0.3792	2248.0
0.3800	2227.0
0.3808	2224.0
0.3816	2261.0
0.3824	2247.0
0.3832	2264.0
0.3840	2256.0
0.3848	2246.0
0.3856	2248.0
0.3864	2228.0
0.3872	2248.0
0.3880	2270.0
0.3888	2230.0
0.3896	2226.0
0.3904	2286.0
0.3912	2262.0
0.3920	2247.0
0.3928	2276.0
0.3936	2230.0
0.3944	2267.0
0.3952	2292.0
0.3960	2280.0
0.3968	2257.0
0.3976	2261.0
0.3984	2254.0
0.3992	2270.0
0.4000	2304.0
