Beta	Final Infections
0.0000	0.0
0.0008	0.0
0.0016	0.0
0.0024	0.0
0.0032	0.0
0.0040	0.0
0.0048	0.0
0.0056	0.0
0.0064	0.0
0.0072	0.0
0.0080	0.0
0.0088	0.0
0.0096	0.0
0.0104	0.0
0.0112	0.0
0.0120	0.0
0.0128	0.0
0.0136	0.0
0.0144	0.0
0.0152	0.0
0.0160	0.0
0.0168	0.0
0.0176	0.0
0.0184	0.0
0.0192	0.0
0.0200	0.0
0.0208	0.0
0.0216	0.0
0.0224	0.0
0.0232	0.0
0.0240	0.0
0.0248	0.0
0.0257	0.0
0.0265	0.0
0.0273	0.0
0.0281	0.0
0.0289	0.0
0.0297	0.0
0.0305	0.0
0.0313	0.0
0.0321	0.0
0.0329	0.0
0.0337	0.0
0.0345	0.0
0.0353	0.0
0.0361	0.0
0.0369	0.0
0.0377	0.0
0.0385	0.0
0.0393	0.0
0.0401	0.0
0.0409	0.0
0.0417	0.0
0.0425	0.0
0.0433	0.0
0.0441	0.0
0.0449	0.0
0.0457	0.0
0.0465	0.0
0.0473	0.0
0.0481	0.0
0.0489	0.0
0.0497	0.0
0.0505	0.0
0.0513	0.0
0.0521	0.0
0.0529	0.0
0.0537	0.0
0.0545	0.0
0.0553	0.0
0.0561	0.0
0.0569	0.0
0.0577	0.0
0.0585	0.0
0.0593	0.0
0.0601	0.0
0.0609	0.0
0.0617	0.0
0.0625	0.0
0.0633	0.0
0.0641	0.0
0.0649	0.0
0.0657	0.0
0.0665	0.0
0.0673	0.0
0.0681	0.0
0.0689	0.0
0.0697	0.0
0.0705	0.0
0.0713	0.0
0.0721	0.0
0.0729	0.0
0.0737	0.0
0.0745	0.0
0.0754	0.0
0.0762	0.0
0.0770	0.0
0.0778	0.0
0.0786	0.0
0.0794	0.0
0.0802	0.0
0.0810	0.0
0.0818	0.0
0.0826	0.0
0.0834	0.0
0.0842	0.0
0.0850	0.0
0.0858	0.0
0.0866	0.0
0.0874	0.0
0.0882	0.0
0.0890	0.0
0.0898	0.0
0.0906	0.0
0.0914	0.0
0.0922	0.0
0.0930	0.0
0.0938	0.0
0.0946	0.0
0.0954	0.0
0.0962	0.0
0.0970	0.0
0.0978	0.0
0.0986	0.0
0.0994	0.0
0.1002	0.0
0.1010	0.0
0.1018	0.0
0.1026	0.0
0.1034	0.0
0.1042	37.0
0.1050	0.0
0.1058	0.0
0.1066	0.0
0.1074	44.0
0.1082	24.0
0.1090	42.0
0.1098	41.0
0.1106	89.0
0.1114	0.0
0.1122	51.0
0.1130	109.0
0.1138	112.0
0.1146	121.0
0.1154	156.0
0.1162	45.0
0.1170	104.0
0.1178	160.0
0.1186	168.0
0.1194	231.0
0.1202	182.0
0.1210	156.0
0.1218	167.0
0.1226	192.0
0.1234	240.0
0.1242	242.0
0.1251	222.0
0.1259	276.0
0.1267	264.0
0.1275	223.0
0.1283	223.0
0.1291	248.0
0.1299	255.0
0.1307	224.0
0.1315	267.0
0.1323	301.0
0.1331	329.0
0.1339	324.0
0.1347	313.0
0.1355	294.0
0.1363	302.0
0.1371	323.0
0.1379	324.0
0.1387	335.0
0.1395	322.0
0.1403	358.0
0.1411	311.0
0.1419	358.0
0.1427	303.0
0.1435	350.0
0.1443	360.0
0.1451	322.0
0.1459	360.0
0.1467	336.0
0.1475	345.0
0.1483	412.0
0.1491	397.0
0.1499	411.0
0.1507	409.0
0.1515	386.0
0.1523	395.0
0.1531	373.0
0.1539	409.0
0.1547	437.0
0.1555	402.0
0.1563	480.0
0.1571	412.0
0.1579	410.0
0.1587	424.0
0.1595	444.0
0.1603	463.0
0.1611	457.0
0.1619	425.0
0.1627	434.0
0.1635	441.0
0.1643	484.0
0.1651	441.0
0.1659	435.0
0.1667	509.0
0.1675	485.0
0.1683	454.0
0.1691	500.0
0.1699	459.0
0.1707	486.0
0.1715	442.0
0.1723	481.0
0.1731	468.0
0.1739	458.0
0.1747	527.0
0.1756	502.0
0.1764	501.0
0.1772	534.0
0.1780	496.0
0.1788	532.0
0.1796	482.0
0.1804	538.0
0.1812	540.0
0.1820	516.0
0.1828	535.0
0.1836	484.0
0.1844	521.0
0.1852	522.0
0.1860	496.0
0.1868	506.0
0.1876	531.0
0.1884	518.0
0.1892	544.0
0.1900	577.0
0.1908	539.0
0.1916	515.0
0.1924	516.0
0.1932	556.0
0.1940	559.0
0.1948	550.0
0.1956	567.0
0.1964	566.0
0.1972	579.0
0.1980	520.0
0.1988	543.0
0.1996	590.0
0.2004	549.0
0.2012	541.0
0.2020	590.0
0.2028	602.0
0.2036	554.0
0.2044	594.0
0.2052	529.0
0.2060	592.0
0.2068	571.0
0.2076	600.0
0.2084	576.0
0.2092	550.0
0.2100	572.0
0.2108	585.0
0.2116	560.0
0.2124	565.0
0.2132	597.0
0.2140	593.0
0.2148	568.0
0.2156	585.0
0.2164	618.0
0.2172	586.0
0.2180	603.0
0.2188	615.0
0.2196	618.0
0.2204	624.0
0.2212	588.0
0.2220	589.0
0.2228	589.0
0.2236	611.0
0.2244	606.0
0.2253	601.0
0.2261	622.0
0.2269	623.0
0.2277	601.0
0.2285	610.0
0.2293	616.0
0.2301	649.0
0.2309	609.0
0.2317	627.0
0.2325	583.0
0.2333	645.0
0.2341	620.0
0.2349	621.0
0.2357	634.0
0.2365	609.0
0.2373	637.0
0.2381	635.0
0.2389	632.0
0.2397	623.0
0.2405	656.0
0.2413	652.0
0.2421	644.0
0.2429	613.0
0.2437	623.0
0.2445	654.0
0.2453	639.0
0.2461	617.0
0.2469	629.0
0.2477	643.0
0.2485	632.0
0.2493	641.0
0.2501	642.0
0.2509	642.0
0.2517	612.0
0.2525	638.0
0.2533	673.0
0.2541	648.0
0.2549	632.0
0.2557	660.0
0.2565	661.0
0.2573	664.0
0.2581	628.0
0.2589	632.0
0.2597	644.0
0.2605	662.0
0.2613	678.0
0.2621	671.0
0.2629	667.0
0.2637	645.0
0.2645	650.0
0.2653	691.0
0.2661	649.0
0.2669	638.0
0.2677	663.0
0.2685	656.0
0.2693	656.0
0.2701	691.0
0.2709	680.0
0.2717	688.0
0.2725	678.0
0.2733	689.0
0.2741	688.0
0.2749	659.0
0.2758	686.0
0.2766	697.0
0.2774	667.0
0.2782	698.0
0.2790	697.0
0.2798	690.0
0.2806	704.0
0.2814	674.0
0.2822	676.0
0.2830	680.0
0.2838	651.0
0.2846	657.0
0.2854	694.0
0.2862	689.0
0.2870	716.0
0.2878	692.0
0.2886	681.0
0.2894	699.0
0.2902	701.0
0.2910	679.0
0.2918	676.0
0.2926	708.0
0.2934	704.0
0.2942	727.0
0.2950	708.0
0.2958	687.0
0.2966	692.0
0.2974	681.0
0.2982	714.0
0.2990	692.0
0.2998	697.0
0.3006	716.0
0.3014	686.0
0.3022	700.0
0.3030	725.0
0.3038	709.0
0.3046	684.0
0.3054	717.0
0.3062	727.0
0.3070	730.0
0.3078	700.0
0.3086	724.0
0.3094	737.0
0.3102	693.0
0.3110	722.0
0.3118	705.0
0.3126	687.0
0.3134	707.0
0.3142	708.0
0.3150	720.0
0.3158	687.0
0.3166	739.0
0.3174	731.0
0.3182	683.0
0.3190	677.0
0.3198	712.0
0.3206	684.0
0.3214	725.0
0.3222	721.0
0.3230	745.0
0.3238	706.0
0.3246	724.0
0.3255	713.0
0.3263	709.0
0.3271	721.0
0.3279	732.0
0.3287	734.0
0.3295	688.0
0.3303	753.0
0.3311	759.0
0.3319	717.0
0.3327	733.0
0.3335	720.0
0.3343	726.0
0.3351	736.0
0.3359	756.0
0.3367	727.0
0.3375	729.0
0.3383	716.0
0.3391	710.0
0.3399	755.0
0.3407	715.0
0.3415	737.0
0.3423	712.0
0.3431	736.0
0.3439	725.0
0.3447	734.0
0.3455	732.0
0.3463	723.0
0.3471	706.0
0.3479	725.0
0.3487	751.0
0.3495	753.0
0.3503	715.0
0.3511	741.0
0.3519	719.0
0.3527	737.0
0.3535	720.0
0.3543	729.0
0.3551	753.0
0.3559	735.0
0.3567	746.0
0.3575	737.0
0.3583	774.0
0.3591	723.0
0.3599	726.0
0.3607	717.0
0.3615	751.0
0.3623	757.0
0.3631	712.0
0.3639	754.0
0.3647	765.0
0.3655	750.0
0.3663	749.0
0.3671	761.0
0.3679	745.0
0.3687	734.0
0.3695	749.0
0.3703	740.0
0.3711	757.0
0.3719	746.0
0.3727	757.0
0.3735	766.0
0.3743	760.0
0.3752	764.0
0.3760	763.0
0.3768	771.0
0.3776	756.0
0.3784	773.0
0.3792	754.0
0.3800	753.0
0.3808	764.0
0.3816	752.0
0.3824	762.0
0.3832	774.0
0.3840	753.0
0.3848	751.0
0.3856	748.0
0.3864	768.0
0.3872	771.0
0.3880	757.0
0.3888	739.0
0.3896	763.0
0.3904	752.0
0.3912	737.0
0.3920	751.0
0.3928	728.0
0.3936	759.0
0.3944	762.0
0.3952	742.0
0.3960	754.0
0.3968	742.0
0.3976	760.0
0.3984	756.0
0.3992	740.0
0.4000	784.0
