Beta	Final Infections
0.0000	0.0
0.0008	0.0
0.0016	0.0
0.0024	0.0
0.0032	0.0
0.0040	0.0
0.0048	71.0
0.0056	78.0
0.0064	71.0
0.0072	91.0
0.0080	151.0
0.0088	120.0
0.0096	173.0
0.0104	237.0
0.0112	219.0
0.0120	197.0
0.0128	225.0
0.0136	265.0
0.0144	237.0
0.0152	266.0
0.0160	272.0
0.0168	273.0
0.0176	301.0
0.0184	270.0
0.0192	304.0
0.0200	306.0
0.0208	320.0
0.0216	325.0
0.0224	355.0
0.0232	356.0
0.0240	386.0
0.0248	361.0
0.0257	378.0
0.0265	393.0
0.0273	381.0
0.0281	394.0
0.0289	393.0
0.0297	412.0
0.0305	411.0
0.0313	434.0
0.0321	418.0
0.0329	411.0
0.0337	440.0
0.0345	439.0
0.0353	449.0
0.0361	453.0
0.0369	436.0
0.0377	457.0
0.0385	487.0
0.0393	481.0
0.0401	477.0
0.0409	481.0
0.0417	470.0
0.0425	473.0
0.0433	488.0
0.0441	464.0
0.0449	509.0
0.0457	505.0
0.0465	480.0
0.0473	531.0
0.0481	481.0
0.0489	541.0
0.0497	507.0
0.0505	518.0
0.0513	492.0
0.0521	508.0
0.0529	544.0
0.0537	528.0
0.0545	531.0
0.0553	520.0
0.0561	527.0
0.0569	510.0
0.0577	514.0
0.0585	541.0
0.0593	526.0
0.0601	534.0
0.0609	557.0
0.0617	552.0
0.0625	542.0
0.0633	530.0
0.0641	525.0
0.0649	573.0
0.0657	525.0
0.0665	576.0
0.0673	577.0
0.0681	537.0
0.0689	588.0
0.0697	559.0
0.0705	565.0
0.0713	567.0
0.0721	584.0
0.0729	570.0
0.0737	559.0
0.0745	577.0
0.0754	604.0
0.0762	589.0
0.0770	583.0
0.0778	541.0
0.0786	599.0
0.0794	611.0
0.0802	612.0
0.0810	589.0
0.0818	598.0
0.0826	599.0
0.0834	604.0
0.0842	599.0
0.0850	595.0
0.0858	621.0
0.0866	592.0
0.0874	605.0
0.0882	572.0
0.0890	613.0
0.0898	609.0
0.0906	597.0
0.0914	600.0
0.0922	597.0
0.0930	616.0
0.0938	614.0
0.0946	606.0
0.0954	630.0
0.0962	650.0
0.0970	616.0
0.0978	616.0
0.0986	614.0
0.0994	652.0
0.1002	661.0
0.1010	638.0
0.1018	626.0
0.1026	631.0
0.1034	659.0
0.1042	619.0
0.1050	640.0
0.1058	647.0
0.1066	658.0
0.1074	616.0
0.1082	604.0
0.1090	670.0
0.1098	644.0
0.1106	632.0
0.1114	633.0
0.1122	639.0
0.1130	643.0
0.1138	664.0
0.1146	639.0
0.1154	666.0
0.1162	645.0
0.1170	646.0
0.1178	639.0
0.1186	659.0
0.1194	656.0
0.1202	606.0
0.1210	660.0
0.1218	662.0
0.1226	651.0
0.1234	658.0
0.1242	654.0
0.1251	655.0
0.1259	651.0
0.1267	667.0
0.1275	667.0
0.1283	659.0
0.1291	654.0
0.1299	650.0
0.1307	635.0
0.1315	677.0
0.1323	653.0
0.1331	684.0
0.1339	659.0
0.1347	633.0
0.1355	652.0
0.1363	673.0
0.1371	655.0
0.1379	652.0
0.1387	682.0
0.1395	638.0
0.1403	658.0
0.1411	678.0
0.1419	685.0
0.1427	666.0
0.1435	660.0
0.1443	691.0
0.1451	694.0
0.1459	658.0
0.1467	676.0
0.1475	690.0
0.1483	653.0
0.1491	677.0
0.1499	670.0
0.1507	666.0
0.1515	674.0
0.1523	699.0
0.1531	679.0
0.1539	699.0
0.1547	691.0
0.1555	691.0
0.1563	678.0
0.1571	672.0
0.1579	687.0
0.1587	686.0
0.1595	683.0
0.1603	673.0
0.1611	685.0
0.1619	692.0
0.1627	671.0
0.1635	674.0
0.1643	710.0
0.1651	695.0
0.1659	673.0
0.1667	696.0
0.1675	685.0
0.1683	714.0
0.1691	704.0
0.1699	705.0
0.1707	696.0
0.1715	705.0
0.1723	698.0
0.1731	698.0
0.1739	705.0
0.1747	705.0
0.1756	713.0
0.1764	710.0
0.1772	717.0
0.1780	719.0
0.1788	702.0
0.1796	707.0
0.1804	706.0
0.1812	726.0
0.1820	713.0
0.1828	696.0
0.1836	728.0
0.1844	688.0
0.1852	719.0
0.1860	690.0
0.1868	694.0
0.1876	716.0
0.1884	702.0
0.1892	692.0
0.1900	725.0
0.1908	700.0
0.1916	683.0
0.1924	713.0
0.1932	711.0
0.1940	705.0
0.1948	705.0
0.1956	733.0
0.1964	731.0
0.1972	742.0
0.1980	718.0
0.1988	690.0
0.1996	692.0
0.2004	723.0
0.2012	714.0
0.2020	704.0
0.2028	725.0
0.2036	717.0
0.2044	724.0
0.2052	730.0
0.2060	726.0
0.2068	699.0
0.2076	729.0
0.2084	715.0
0.2092	698.0
0.2100	716.0
0.2108	722.0
0.2116	711.0
0.2124	720.0
0.2132	719.0
0.2140	708.0
0.2148	735.0
0.2156	720.0
0.2164	752.0
0.2172	714.0
0.2180	731.0
0.2188	712.0
0.2196	712.0
0.2204	718.0
0.2212	741.0
0.2220	709.0
0.2228	737.0
0.2236	713.0
0.2244	710.0
0.2253	731.0
0.2261	728.0
0.2269	713.0
0.2277	746.0
0.2285	738.0
0.2293	738.0
0.2301	744.0
0.2309	765.0
0.2317	713.0
0.2325	717.0
0.2333	728.0
0.2341	757.0
0.2349	726.0
0.2357	737.0
0.2365	740.0
0.2373	723.0
0.2381	757.0
0.2389	713.0
0.2397	738.0
0.2405	723.0
0.2413	738.0
0.2421	726.0
0.2429	726.0
0.2437	754.0
0.2445	715.0
0.2453	728.0
0.2461	728.0
0.2469	744.0
0.2477	727.0
0.2485	730.0
0.2493	758.0
0.2501	737.0
0.2509	738.0
0.2517	707.0
0.2525	746.0
0.2533	741.0
0.2541	771.0
0.2549	761.0
0.2557	727.0
0.2565	708.0
0.2573	722.0
0.2581	739.0
0.2589	724.0
0.2597	743.0
0.2605	720.0
0.2613	738.0
0.2621	724.0
0.2629	761.0
0.2637	733.0
0.2645	747.0
0.2653	736.0
0.2661	726.0
0.2669	747.0
0.2677	712.0
0.2685	726.0
0.2693	711.0
0.2701	759.0
0.2709	764.0
0.2717	748.0
0.2725	735.0
0.2733	733.0
0.2741	756.0
0.2749	732.0
0.2758	737.0
0.2766	771.0
0.2774	755.0
0.2782	730.0
0.2790	740.0
0.2798	749.0
0.2806	742.0
0.2814	745.0
0.2822	749.0
0.2830	764.0
0.2838	751.0
0.2846	765.0
0.2854	744.0
0.2862	778.0
0.2870	753.0
0.2878	762.0
0.2886	746.0
0.2894	753.0
0.2902	748.0
0.2910	754.0
0.2918	745.0
0.2926	746.0
0.2934	764.0
0.2942	761.0
0.2950	754.0
0.2958	750.0
0.2966	746.0
0.2974	743.0
0.2982	732.0
0.2990	747.0
0.2998	775.0
0.3006	751.0
0.3014	761.0
0.3022	736.0
0.3030	741.0
0.3038	742.0
0.3046	759.0
0.3054	769.0
0.3062	760.0
0.3070	743.0
0.3078	769.0
0.3086	760.0
0.3094	728.0
0.3102	764.0
0.3110	767.0
0.3118	750.0
0.3126	774.0
0.3134	736.0
0.3142	755.0
0.3150	769.0
0.3158	775.0
0.3166	765.0
0.3174	775.0
0.3182	765.0
0.3190	769.0
0.3198	794.0
0.3206	758.0
0.3214	771.0
0.3222	772.0
0.3230	771.0
0.3238	779.0
0.3246	752.0
0.3255	775.0
0.3263	766.0
0.3271	749.0
0.3279	760.0
0.3287	756.0
0.3295	771.0
0.3303	767.0
0.3311	763.0
0.3319	756.0
0.3327	774.0
0.3335	771.0
0.3343	765.0
0.3351	756.0
0.3359	777.0
0.3367	760.0
0.3375	762.0
0.3383	768.0
0.3391	750.0
0.3399	775.0
0.3407	750.0
0.3415	763.0
0.3423	761.0
0.3431	755.0
0.3439	756.0
0.3447	787.0
0.3455	794.0
0.3463	758.0
0.3471	770.0
0.3479	783.0
0.3487	744.0
0.3495	751.0
0.3503	777.0
0.3511	774.0
0.3519	781.0
0.3527	771.0
0.3535	778.0
0.3543	767.0
0.3551	756.0
0.3559	778.0
0.3567	746.0
0.3575	771.0
0.3583	749.0
0.3591	769.0
0.3599	755.0
0.3607	763.0
0.3615	743.0
0.3623	782.0
0.3631	774.0
0.3639	752.0
0.3647	784.0
0.3655	768.0
0.3663	779.0
0.3671	770.0
0.3679	775.0
0.3687	770.0
0.3695	773.0
0.3703	783.0
0.3711	774.0
0.3719	775.0
0.3727	770.0
0.3735	780.0
0.3743	786.0
0.3752	747.0
0.3760	758.0
0.3768	784.0
0.3776	812.0
0.3784	786.0
0.3792	768.0
0.3800	754.0
0.3808	788.0
0.3816	759.0
0.3824	794.0
0.3832	787.0
0.3840	777.0
0.3848	766.0
0.3856	783.0
0.3864	788.0
0.3872	790.0
0.3880	809.0
0.3888	771.0
0.3896	790.0
0.3904	779.0
0.3912	764.0
0.3920	769.0
0.3928	760.0
0.3936	780.0
0.3944	771.0
0.3952	778.0
0.3960	798.0
0.3968	760.0
0.3976	779.0
0.3984	786.0
0.3992	768.0
0.4000	785.0
