Beta	Final Infections
0.0000	0.0
0.0008	0.0
0.0016	0.0
0.0024	0.0
0.0032	66.0
0.0040	100.0
0.0048	232.0
0.0056	267.0
0.0064	340.0
0.0072	370.0
0.0080	383.0
0.0088	513.0
0.0096	528.0
0.0104	536.0
0.0112	570.0
0.0120	599.0
0.0128	708.0
0.0136	746.0
0.0144	763.0
0.0152	781.0
0.0160	908.0
0.0168	900.0
0.0176	881.0
0.0184	957.0
0.0192	996.0
0.0200	990.0
0.0208	1020.0
0.0216	977.0
0.0224	1087.0
0.0232	1129.0
0.0240	1054.0
0.0248	1121.0
0.0257	1167.0
0.0265	1194.0
0.0273	1179.0
0.0281	1180.0
0.0289	1223.0
0.0297	1193.0
0.0305	1213.0
0.0313	1246.0
0.0321	1284.0
0.0329	1303.0
0.0337	1294.0
0.0345	1343.0
0.0353	1381.0
0.0361	1387.0
0.0369	1396.0
0.0377	1373.0
0.0385	1347.0
0.0393	1405.0
0.0401	1390.0
0.0409	1484.0
0.0417	1361.0
0.0425	1474.0
0.0433	1467.0
0.0441	1475.0
0.0449	1444.0
0.0457	1488.0
0.0465	1501.0
0.0473	1538.0
0.0481	1545.0
0.0489	1547.0
0.0497	1532.0
0.0505	1533.0
0.0513	1556.0
0.0521	1558.0
0.0529	1576.0
0.0537	1590.0
0.0545	1536.0
0.0553	1616.0
0.0561	1544.0
0.0569	1585.0
0.0577	1595.0
0.0585	1628.0
0.0593	1601.0
0.0601	1650.0
0.0609	1627.0
0.0617	1668.0
0.0625	1619.0
0.0633	1622.0
0.0641	1644.0
0.0649	1643.0
0.0657	1687.0
0.0665	1653.0
0.0673	1707.0
0.0681	1689.0
0.0689	1733.0
0.0697	1747.0
0.0705	1703.0
0.0713	1731.0
0.0721	1739.0
0.0729	1744.0
0.0737	1728.0
0.0745	1717.0
0.0754	1750.0
0.0762	1751.0
0.0770	1758.0
0.0778	1776.0
0.0786	1803.0
0.0794	1728.0
0.0802	1740.0
0.0810	1731.0
0.0818	1809.0
0.0826	1732.0
0.0834	1801.0
0.0842	1784.0
0.0850	1768.0
0.0858	1821.0
0.0866	1800.0
0.0874	1824.0
0.0882	1809.0
0.0890	1819.0
0.0898	1817.0
0.0906	1867.0
0.0914	1854.0
0.0922	1820.0
0.0930	1839.0
0.0938	1865.0
0.0946	1833.0
0.0954	1844.0
0.0962	1848.0
0.0970	1875.0
0.0978	1870.0
0.0986	1803.0
0.0994	1836.0
0.1002	1828.0
0.1010	1864.0
0.1018	1833.0
0.1026	1847.0
0.1034	1871.0
0.1042	1906.0
0.1050	1877.0
0.1058	1952.0
0.1066	1870.0
0.1074	1916.0
0.1082	1977.0
0.1090	1914.0
0.1098	1849.0
0.1106	1889.0
0.1114	1917.0
0.1122	1946.0
0.1130	1886.0
0.1138	1901.0
0.1146	1931.0
0.1154	1939.0
0.1162	1943.0
0.1170	1994.0
0.1178	1941.0
0.1186	1970.0
0.1194	1985.0
0.1202	1949.0
0.1210	1962.0
0.1218	1960.0
0.1226	1973.0
0.1234	1958.0
0.1242	1967.0
0.1251	1959.0
0.1259	1988.0
0.1267	1949.0
0.1275	1968.0
0.1283	2002.0
0.1291	1988.0
0.1299	2002.0
0.1307	1990.0
0.1315	1952.0
0.1323	2043.0
0.1331	2011.0
0.1339	1995.0
0.1347	1974.0
0.1355	2033.0
0.1363	2003.0
0.1371	2015.0
0.1379	2021.0
0.1387	1972.0
0.1395	2020.0
0.1403	2029.0
0.1411	2030.0
0.1419	2059.0
0.1427	1948.0
0.1435	2031.0
0.1443	2077.0
0.1451	2013.0
0.1459	2028.0
0.1467	2015.0
0.1475	2046.0
0.1483	1999.0
0.1491	2034.0
0.1499	1986.0
0.1507	2053.0
0.1515	2059.0
0.1523	2065.0
0.1531	2050.0
0.1539	2043.0
0.1547	2077.0
0.1555	2062.0
0.1563	2071.0
0.1571	2086.0
0.1579	2030.0
0.1587	2089.0
0.1595	2089.0
0.1603	2016.0
0.1611	2052.0
0.1619	2046.0
0.1627	2088.0
0.1635	2084.0
0.1643	2097.0
0.1651	2051.0
0.1659	2109.0
0.1667	2085.0
0.1675	2077.0
0.1683	2119.0
0.1691	2109.0
0.1699	2088.0
0.1707	2067.0
0.1715	2074.0
0.1723	2032.0
0.1731	2071.0
0.1739	2102.0
0.1747	2075.0
0.1756	2140.0
0.1764	2080.0
0.1772	2132.0
0.1780	2142.0
0.1788	2078.0
0.1796	2080.0
0.1804	2082.0
0.1812	2084.0
0.1820	2119.0
0.1828	2099.0
0.1836	2136.0
0.1844	2117.0
0.1852	2110.0
0.1860	2122.0
0.1868	2142.0
0.1876	2093.0
0.1884	2115.0
0.1892	2110.0
0.1900	2121.0
0.1908	2174.0
0.1916	2118.0
0.1924	2127.0
0.1932	2112.0
0.1940	2169.0
0.1948	2127.0
0.1956	2095.0
0.1964	2175.0
0.1972	2114.0
0.1980	2140.0
0.1988	2132.0
0.1996	2126.0
0.2004	2138.0
0.2012	2154.0
0.2020	2150.0
0.2028	2134.0
0.2036	2109.0
0.2044	2150.0
0.2052	2119.0
0.2060	2131.0
0.2068	2148.0
0.2076	2125.0
0.2084	2146.0
0.2092	2168.0
0.2100	2158.0
0.2108	2155.0
0.2116	2169.0
0.2124	2147.0
0.2132	2190.0
0.2140	2123.0
0.2148	2171.0
0.2156	2110.0
0.2164	2183.0
0.2172	2169.0
0.2180	2137.0
0.2188	2179.0
0.2196	2112.0
0.2204	2133.0
0.2212	2158.0
0.2220	2169.0
0.2228	2224.0
0.2236	2189.0
0.2244	2172.0
0.2253	2138.0
0.2261	2179.0
0.2269	2170.0
0.2277	2199.0
0.2285	2158.0
0.2293	2154.0
0.2301	2170.0
0.2309	2169.0
0.2317	2133.0
0.2325	2176.0
0.2333	2198.0
0.2341	2204.0
0.2349	2195.0
0.2357	2178.0
0.2365	2214.0
0.2373	2205.0
0.2381	2188.0
0.2389	2160.0
0.2397	2241.0
0.2405	2199.0
0.2413	2166.0
0.2421	2177.0
0.2429	2210.0
0.2437	2191.0
0.2445	2204.0
0.2453	2209.0
0.2461	2178.0
0.2469	2185.0
0.2477	2215.0
0.2485	2256.0
0.2493	2194.0
0.2501	2244.0
0.2509	2218.0
0.2517	2266.0
0.2525	2217.0
0.2533	2176.0
0.2541	2225.0
0.2549	2197.0
0.2557	2212.0
0.2565	2237.0
0.2573	2294.0
0.2581	2211.0
0.2589	2222.0
0.2597	2205.0
0.2605	2288.0
0.2613	2224.0
0.2621	2225.0
0.2629	2218.0
0.2637	2205.0
0.2645	2194.0
0.2653	2253.0
0.2661	2232.0
0.2669	2234.0
0.2677	2287.0
0.2685	2253.0
0.2693	2230.0
0.2701	2240.0
0.2709	2210.0
0.2717	2269.0
0.2725	2229.0
0.2733	2220.0
0.2741	2214.0
0.2749	2233.0
0.2758	2235.0
0.2766	2226.0
0.2774	2281.0
0.2782	2246.0
0.2790	2195.0
0.2798	2241.0
0.2806	2212.0
0.2814	2251.0
0.2822	2238.0
0.2830	2211.0
0.2838	2240.0
0.2846	2271.0
0.2854	2298.0
0.2862	2239.0
0.2870	2273.0
0.2878	2279.0
0.2886	2243.0
0.2894	2236.0
0.2902	2279.0
0.2910	2289.0
0.2918	2275.0
0.2926	2259.0
0.2934	2235.0
0.2942	2276.0
0.2950	2199.0
0.2958	2223.0
0.2966	2243.0
0.2974	2281.0
0.2982	2284.0
0.2990	2297.0
0.2998	2248.0
0.3006	2299.0
0.3014	2216.0
0.3022	2239.0
0.3030	2296.0
0.3038	2253.0
0.3046	2205.0
0.3054	2267.0
0.3062	2260.0
0.3070	2257.0
0.3078	2262.0
0.3086	2247.0
0.3094	2274.0
0.3102	2272.0
0.3110	2264.0
0.3118	2292.0
0.3126	2272.0
0.3134	2260.0
0.3142	2249.0
0.3150	2285.0
0.3158	2280.0
0.3166	2273.0
0.3174	2305.0
0.3182	2272.0
0.3190	2304.0
0.3198	2210.0
0.3206	2275.0
0.3214	2329.0
0.3222	2237.0
0.3230	2305.0
0.3238	2311.0
0.3246	2294.0
0.3255	2261.0
0.3263	2256.0
0.3271	2261.0
0.3279	2324.0
0.3287	2283.0
0.3295	2319.0
0.3303	2342.0
0.3311	2267.0
0.3319	2258.0
0.3327	2277.0
0.3335	2272.0
0.3343	2292.0
0.3351	2310.0
0.3359	2308.0
0.3367	2296.0
0.3375	2262.0
0.3383	2283.0
0.3391	2326.0
0.3399	2312.0
0.3407	2274.0
0.3415	2255.0
0.3423	2307.0
0.3431	2282.0
0.3439	2273.0
0.3447	2328.0
0.3455	2304.0
0.3463	2347.0
0.3471	2259.0
0.3479	2312.0
0.3487	2252.0
0.3495	2288.0
0.3503	2281.0
0.3511	2300.0
0.3519	2351.0
0.3527	2320.0
0.3535	2292.0
0.3543	2304.0
0.3551	2269.0
0.3559	2299.0
0.3567	2311.0
0.3575	2309.0
0.3583	2277.0
0.3591	2287.0
0.3599	2332.0
0.3607	2325.0
0.3615	2336.0
0.3623	2305.0
0.3631	2292.0
0.3639	2267.0
0.3647	2338.0
0.3655	2311.0
0.3663	2281.0
0.3671	2274.0
0.3679	2286.0
0.3687	2278.0
0.3695	2334.0
0.3703	2340.0
0.3711	2323.0
0.3719	2311.0
0.3727	2254.0
0.3735	2320.0
0.3743	2297.0
0.3752	2335.0
0.3760	2364.0
0.3768	2291.0
0.3776	2313.0
0.3784	2290.0
0.3792	2307.0
0.3800	2342.0
0.3808	2359.0
0.3816	2331.0
0.3824	2324.0
0.3832	2287.0
0.3840	2341.0
0.3848	2338.0
0.3856	2339.0
0.3864	2340.0
0.3872	2316.0
0.3880	2279.0
0.3888	2313.0
0.3896	2342.0
0.3904	2328.0
0.3912	2355.0
0.3920	2311.0
0.3928	2340.0
0.3936	2322.0
0.3944	2309.0
0.3952	2352.0
0.3960	2322.0
0.3968	2317.0
0.3976	2337.0
0.3984	2345.0
0.3992	2337.0
0.4000	2368.0
