Beta	Final Infections
0.0000	0.0
0.0008	0.0
0.0016	0.0
0.0024	0.0
0.0032	0.0
0.0040	0.0
0.0048	74.0
0.0056	75.0
0.0064	103.0
0.0072	80.0
0.0080	162.0
0.0088	136.0
0.0096	165.0
0.0104	199.0
0.0112	224.0
0.0120	202.0
0.0128	261.0
0.0136	222.0
0.0144	225.0
0.0152	250.0
0.0160	279.0
0.0168	288.0
0.0176	271.0
0.0184	301.0
0.0192	307.0
0.0200	322.0
0.0208	330.0
0.0216	362.0
0.0224	335.0
0.0232	332.0
0.0240	390.0
0.0248	368.0
0.0257	403.0
0.0265	361.0
0.0273	413.0
0.0281	378.0
0.0289	413.0
0.0297	420.0
0.0305	453.0
0.0313	401.0
0.0321	382.0
0.0329	418.0
0.0337	472.0
0.0345	430.0
0.0353	428.0
0.0361	444.0
0.0369	439.0
0.0377	455.0
0.0385	472.0
0.0393	429.0
0.0401	472.0
0.0409	471.0
0.0417	500.0
0.0425	491.0
0.0433	463.0
0.0441	486.0
0.0449	447.0
0.0457	483.0
0.0465	474.0
0.0473	495.0
0.0481	496.0
0.0489	501.0
0.0497	509.0
0.0505	493.0
0.0513	516.0
0.0521	477.0
0.0529	499.0
0.0537	489.0
0.0545	537.0
0.0553	548.0
0.0561	542.0
0.0569	512.0
0.0577	571.0
0.0585	532.0
0.0593	515.0
0.0601	536.0
0.0609	539.0
0.0617	526.0
0.0625	535.0
0.0633	570.0
0.0641	554.0
0.0649	554.0
0.0657	543.0
0.0665	583.0
0.0673	580.0
0.0681	588.0
0.0689	574.0
0.0697	544.0
0.0705	550.0
0.0713	572.0
0.0721	589.0
0.0729	586.0
0.0737	576.0
0.0745	555.0
0.0754	603.0
0.0762	566.0
0.0770	586.0
0.0778	579.0
0.0786	592.0
0.0794	563.0
0.0802	571.0
0.0810	612.0
0.0818	618.0
0.0826	596.0
0.0834	587.0
0.0842	591.0
0.0850	580.0
0.0858	576.0
0.0866	607.0
0.0874	605.0
0.0882	609.0
0.0890	573.0
0.0898	615.0
0.0906	623.0
0.0914	591.0
0.0922	605.0
0.0930	583.0
0.0938	626.0
0.0946	620.0
0.0954	587.0
0.0962	606.0
0.0970	644.0
0.0978	640.0
0.0986	635.0
0.0994	614.0
0.1002	655.0
0.1010	608.0
0.1018	631.0
0.1026	611.0
0.1034	619.0
0.1042	637.0
0.1050	618.0
0.1058	624.0
0.1066	619.0
0.1074	623.0
0.1082	644.0
0.1090	634.0
0.1098	631.0
0.1106	632.0
0.1114	646.0
0.1122	658.0
0.1130	608.0
0.1138	666.0
0.1146	620.0
0.1154	650.0
0.1162	668.0
0.1170	626.0
0.1178	635.0
0.1186	636.0
0.1194	635.0
0.1202	637.0
0.1210	632.0
0.1218	642.0
0.1226	668.0
0.1234	648.0
0.1242	660.0
0.1251	653.0
0.1259	645.0
0.1267	675.0
0.1275	659.0
0.1283	676.0
0.1291	658.0
0.1299	674.0
0.1307	648.0
0.1315	663.0
0.1323	680.0
0.1331	676.0
0.1339	670.0
0.1347	684.0
0.1355	679.0
0.1363	660.0
0.1371	674.0
0.1379	674.0
0.1387	667.0
0.1395	691.0
0.1403	673.0
0.1411	672.0
0.1419	661.0
0.1427	668.0
0.1435	673.0
0.1443	684.0
0.1451	644.0
0.1459	684.0
0.1467	672.0
0.1475	679.0
0.1483	672.0
0.1491	675.0
0.1499	679.0
0.1507	700.0
0.1515	672.0
0.1523	662.0
0.1531	671.0
0.1539	673.0
0.1547	678.0
0.1555	651.0
0.1563	681.0
0.1571	667.0
0.1579	672.0
0.1587	706.0
0.1595	660.0
0.1603	701.0
0.1611	699.0
0.1619	688.0
0.1627	679.0
0.1635	699.0
0.1643	646.0
0.1651	682.0
0.1659	727.0
0.1667	672.0
0.1675	689.0
0.1683	690.0
0.1691	677.0
0.1699	700.0
0.1707	656.0
0.1715	682.0
0.1723	715.0
0.1731	703.0
0.1739	697.0
0.1747	702.0
0.1756	691.0
0.1764	704.0
0.1772	696.0
0.1780	707.0
0.1788	702.0
0.1796	690.0
0.1804	683.0
0.1812	712.0
0.1820	690.0
0.1828	701.0
0.1836	670.0
0.1844	713.0
0.1852	696.0
0.1860	684.0
0.1868	698.0
0.1876	720.0
0.1884	686.0
0.1892	688.0
0.1900	710.0
0.1908	715.0
0.1916	716.0
0.1924	708.0
0.1932	715.0
0.1940	699.0
0.1948	712.0
0.1956	720.0
0.1964	715.0
0.1972	709.0
0.1980	693.0
0.1988	710.0
0.1996	717.0
0.2004	726.0
0.2012	721.0
0.2020	711.0
0.2028	730.0
0.2036	717.0
0.2044	690.0
0.2052	717.0
0.2060	733.0
0.2068	696.0
0.2076	749.0
0.2084	707.0
0.2092	691.0
0.2100	727.0
0.2108	732.0
0.2116	715.0
0.2124	698.0
0.2132	722.0
0.2140	711.0
0.2148	720.0
0.2156	730.0
0.2164	726.0
0.2172	754.0
0.2180	715.0
0.2188	695.0
0.2196	716.0
0.2204	725.0
0.2212	728.0
0.2220	743.0
0.2228	734.0
0.2236	725.0
0.2244	719.0
0.2253	755.0
0.2261	736.0
0.2269	754.0
0.2277	727.0
0.2285	723.0
0.2293	691.0
0.2301	721.0
0.2309	733.0
0.2317	752.0
0.2325	740.0
0.2333	739.0
0.2341	724.0
0.2349	716.0
0.2357	724.0
0.2365	731.0
0.2373	740.0
0.2381	720.0
0.2389	730.0
0.2397	748.0
0.2405	733.0
0.2413	736.0
0.2421	719.0
0.2429	728.0
0.2437	715.0
0.2445	736.0
0.2453	744.0
0.2461	725.0
0.2469	723.0
0.2477	730.0
0.2485	760.0
0.2493	720.0
0.2501	719.0
0.2509	730.0
0.2517	747.0
0.2525	748.0
0.2533	743.0
0.2541	749.0
0.2549	733.0
0.2557	737.0
0.2565	750.0
0.2573	719.0
0.2581	731.0
0.2589	744.0
0.2597	736.0
0.2605	741.0
0.2613	745.0
0.2621	757.0
0.2629	724.0
0.2637	736.0
0.2645	758.0
0.2653	725.0
0.2661	753.0
0.2669	739.0
0.2677	736.0
0.2685	757.0
0.2693	755.0
0.2701	759.0
0.2709	756.0
0.2717	734.0
0.2725	725.0
0.2733	766.0
0.2741	724.0
0.2749	771.0
0.2758	740.0
0.2766	725.0
0.2774	732.0
0.2782	754.0
0.2790	744.0
0.2798	779.0
0.2806	745.0
0.2814	738.0
0.2822	749.0
0.2830	732.0
0.2838	731.0
0.2846	727.0
0.2854	754.0
0.2862	754.0
0.2870	721.0
0.2878	759.0
0.2886	775.0
0.2894	766.0
0.2902	740.0
0.2910	719.0
0.2918	740.0
0.2926	767.0
0.2934	743.0
0.2942	742.0
0.2950	771.0
0.2958	718.0
0.2966	759.0
0.2974	747.0
0.2982	784.0
0.2990	782.0
0.2998	745.0
0.3006	723.0
0.3014	772.0
0.3022	742.0
0.3030	754.0
0.3038	746.0
0.3046	762.0
0.3054	732.0
0.3062	751.0
0.3070	764.0
0.3078	764.0
0.3086	744.0
0.3094	781.0
0.3102	740.0
0.3110	746.0
0.3118	752.0
0.3126	781.0
0.3134	747.0
0.3142	778.0
0.3150	758.0
0.3158	741.0
0.3166	755.0
0.3174	767.0
0.3182	755.0
0.3190	754.0
0.3198	731.0
0.3206	763.0
0.3214	752.0
0.3222	763.0
0.3230	787.0
0.3238	744.0
0.3246	776.0
0.3255	770.0
0.3263	742.0
0.3271	735.0
0.3279	753.0
0.3287	746.0
0.3295	788.0
0.3303	747.0
0.3311	743.0
0.3319	778.0
0.3327	765.0
0.3335	763.0
0.3343	779.0
0.3351	744.0
0.3359	759.0
0.3367	764.0
0.3375	757.0
0.3383	789.0
0.3391	757.0
0.3399	769.0
0.3407	742.0
0.3415	736.0
0.3423	754.0
0.3431	767.0
0.3439	756.0
0.3447	762.0
0.3455	755.0
0.3463	770.0
0.3471	761.0
0.3479	739.0
0.3487	784.0
0.3495	768.0
0.3503	748.0
0.3511	770.0
0.3519	757.0
0.3527	754.0
0.3535	741.0
0.3543	773.0
0.3551	749.0
0.3559	785.0
0.3567	715.0
0.3575	776.0
0.3583	767.0
0.3591	761.0
0.3599	772.0
0.3607	778.0
0.3615	762.0
0.3623	776.0
0.3631	786.0
0.3639	781.0
0.3647	749.0
0.3655	774.0
0.3663	771.0
0.3671	758.0
0.3679	772.0
0.3687	750.0
0.3695	783.0
0.3703	766.0
0.3711	792.0
0.3719	776.0
0.3727	774.0
0.3735	752.0
0.3743	778.0
0.3752	766.0
0.3760	763.0
0.3768	766.0
0.3776	772.0
0.3784	751.0
0.3792	777.0
0.3800	768.0
0.3808	777.0
0.3816	778.0
0.3824	764.0
0.3832	762.0
0.3840	764.0
0.3848	775.0
0.3856	774.0
0.3864	768.0
0.3872	778.0
0.3880	765.0
0.3888	786.0
0.3896	765.0
0.3904	772.0
0.3912	757.0
0.3920	775.0
0.3928	780.0
0.3936	755.0
0.3944	773.0
0.3952	808.0
0.3960	778.0
0.3968	767.0
0.3976	782.0
0.3984	765.0
0.3992	774.0
0.4000	760.0
